Spectral actinic flux, quanta cm-2 s-1 nm-1
values at z =      0.000 km
Columns: wavelength (nm), solar zenith angles (deg.)
    wc, nm      0.000      5.000     10.000     15.000     20.000     25.000     30.000     35.000     40.000     45.000     50.000     55.000     60.000     65.000     70.000     75.000     80.000     85.000     90.000
  120.7000  0.000E+00  0.000E+00  0.000E+00  0.000E+00  0.000E+00  0.000E+00  0.000E+00  0.000E+00  0.000E+00  0.000E+00  0.000E+00  0.000E+00  0.000E+00  0.000E+00  0.000E+00  0.000E+00  0.000E+00  0.000E+00  0.000E+00
  121.6500  0.000E+00  0.000E+00  0.000E+00  0.000E+00  0.000E+00  0.000E+00  0.000E+00  0.000E+00  0.000E+00  0.000E+00  0.000E+00  0.000E+00  0.000E+00  0.000E+00  0.000E+00  0.000E+00  0.000E+00  0.000E+00  0.000E+00
  122.1000  0.000E+00  0.000E+00  0.000E+00  0.000E+00  0.000E+00  0.000E+00  0.000E+00  0.000E+00  0.000E+00  0.000E+00  0.000E+00  0.000E+00  0.000E+00  0.000E+00  0.000E+00  0.000E+00  0.000E+00  0.000E+00  0.000E+00
  122.7000  0.000E+00  0.000E+00  0.000E+00  0.000E+00  0.000E+00  0.000E+00  0.000E+00  0.000E+00  0.000E+00  0.000E+00  0.000E+00  0.000E+00  0.000E+00  0.000E+00  0.000E+00  0.000E+00  0.000E+00  0.000E+00  0.000E+00
  123.4500  0.000E+00  0.000E+00  0.000E+00  0.000E+00  0.000E+00  0.000E+00  0.000E+00  0.000E+00  0.000E+00  0.000E+00  0.000E+00  0.000E+00  0.000E+00  0.000E+00  0.000E+00  0.000E+00  0.000E+00  0.000E+00  0.000E+00
  124.2000  0.000E+00  0.000E+00  0.000E+00  0.000E+00  0.000E+00  0.000E+00  0.000E+00  0.000E+00  0.000E+00  0.000E+00  0.000E+00  0.000E+00  0.000E+00  0.000E+00  0.000E+00  0.000E+00  0.000E+00  0.000E+00  0.000E+00
  125.0000  0.000E+00  0.000E+00  0.000E+00  0.000E+00  0.000E+00  0.000E+00  0.000E+00  0.000E+00  0.000E+00  0.000E+00  0.000E+00  0.000E+00  0.000E+00  0.000E+00  0.000E+00  0.000E+00  0.000E+00  0.000E+00  0.000E+00
  125.8000  0.000E+00  0.000E+00  0.000E+00  0.000E+00  0.000E+00  0.000E+00  0.000E+00  0.000E+00  0.000E+00  0.000E+00  0.000E+00  0.000E+00  0.000E+00  0.000E+00  0.000E+00  0.000E+00  0.000E+00  0.000E+00  0.000E+00
  126.6000  0.000E+00  0.000E+00  0.000E+00  0.000E+00  0.000E+00  0.000E+00  0.000E+00  0.000E+00  0.000E+00  0.000E+00  0.000E+00  0.000E+00  0.000E+00  0.000E+00  0.000E+00  0.000E+00  0.000E+00  0.000E+00  0.000E+00
  127.8000  0.000E+00  0.000E+00  0.000E+00  0.000E+00  0.000E+00  0.000E+00  0.000E+00  0.000E+00  0.000E+00  0.000E+00  0.000E+00  0.000E+00  0.000E+00  0.000E+00  0.000E+00  0.000E+00  0.000E+00  0.000E+00  0.000E+00
  129.0000  0.000E+00  0.000E+00  0.000E+00  0.000E+00  0.000E+00  0.000E+00  0.000E+00  0.000E+00  0.000E+00  0.000E+00  0.000E+00  0.000E+00  0.000E+00  0.000E+00  0.000E+00  0.000E+00  0.000E+00  0.000E+00  0.000E+00
  129.8500  0.000E+00  0.000E+00  0.000E+00  0.000E+00  0.000E+00  0.000E+00  0.000E+00  0.000E+00  0.000E+00  0.000E+00  0.000E+00  0.000E+00  0.000E+00  0.000E+00  0.000E+00  0.000E+00  0.000E+00  0.000E+00  0.000E+00
  131.1500  0.000E+00  0.000E+00  0.000E+00  0.000E+00  0.000E+00  0.000E+00  0.000E+00  0.000E+00  0.000E+00  0.000E+00  0.000E+00  0.000E+00  0.000E+00  0.000E+00  0.000E+00  0.000E+00  0.000E+00  0.000E+00  0.000E+00
  133.5000  0.000E+00  0.000E+00  0.000E+00  0.000E+00  0.000E+00  0.000E+00  0.000E+00  0.000E+00  0.000E+00  0.000E+00  0.000E+00  0.000E+00  0.000E+00  0.000E+00  0.000E+00  0.000E+00  0.000E+00  0.000E+00  0.000E+00
  136.0000  0.000E+00  0.000E+00  0.000E+00  0.000E+00  0.000E+00  0.000E+00  0.000E+00  0.000E+00  0.000E+00  0.000E+00  0.000E+00  0.000E+00  0.000E+00  0.000E+00  0.000E+00  0.000E+00  0.000E+00  0.000E+00  0.000E+00
  141.0000  0.000E+00  0.000E+00  0.000E+00  0.000E+00  0.000E+00  0.000E+00  0.000E+00  0.000E+00  0.000E+00  0.000E+00  0.000E+00  0.000E+00  0.000E+00  0.000E+00  0.000E+00  0.000E+00  0.000E+00  0.000E+00  0.000E+00
  150.0000  0.000E+00  0.000E+00  0.000E+00  0.000E+00  0.000E+00  0.000E+00  0.000E+00  0.000E+00  0.000E+00  0.000E+00  0.000E+00  0.000E+00  0.000E+00  0.000E+00  0.000E+00  0.000E+00  0.000E+00  0.000E+00  0.000E+00
  160.0000  0.000E+00  0.000E+00  0.000E+00  0.000E+00  0.000E+00  0.000E+00  0.000E+00  0.000E+00  0.000E+00  0.000E+00  0.000E+00  0.000E+00  0.000E+00  0.000E+00  0.000E+00  0.000E+00  0.000E+00  0.000E+00  0.000E+00
  167.5000  0.000E+00  0.000E+00  0.000E+00  0.000E+00  0.000E+00  0.000E+00  0.000E+00  0.000E+00  0.000E+00  0.000E+00  0.000E+00  0.000E+00  0.000E+00  0.000E+00  0.000E+00  0.000E+00  0.000E+00  0.000E+00  0.000E+00
  172.2000  0.000E+00  0.000E+00  0.000E+00  0.000E+00  0.000E+00  0.000E+00  0.000E+00  0.000E+00  0.000E+00  0.000E+00  0.000E+00  0.000E+00  0.000E+00  0.000E+00  0.000E+00  0.000E+00  0.000E+00  0.000E+00  0.000E+00
  175.7000  0.000E+00  0.000E+00  0.000E+00  0.000E+00  0.000E+00  0.000E+00  0.000E+00  0.000E+00  0.000E+00  0.000E+00  0.000E+00  0.000E+00  0.000E+00  0.000E+00  0.000E+00  0.000E+00  0.000E+00  0.000E+00  0.000E+00
  177.8000  0.000E+00  0.000E+00  0.000E+00  0.000E+00  0.000E+00  0.000E+00  0.000E+00  0.000E+00  0.000E+00  0.000E+00  0.000E+00  0.000E+00  0.000E+00  0.000E+00  0.000E+00  0.000E+00  0.000E+00  0.000E+00  0.000E+00
  179.4000  0.000E+00  0.000E+00  0.000E+00  0.000E+00  0.000E+00  0.000E+00  0.000E+00  0.000E+00  0.000E+00  0.000E+00  0.000E+00  0.000E+00  0.000E+00  0.000E+00  0.000E+00  0.000E+00  0.000E+00  0.000E+00  0.000E+00
  181.0000  0.000E+00  0.000E+00  0.000E+00  0.000E+00  0.000E+00  0.000E+00  0.000E+00  0.000E+00  0.000E+00  0.000E+00  0.000E+00  0.000E+00  0.000E+00  0.000E+00  0.000E+00  0.000E+00  0.000E+00  0.000E+00  0.000E+00
  182.6500  0.000E+00  0.000E+00  0.000E+00  0.000E+00  0.000E+00  0.000E+00  0.000E+00  0.000E+00  0.000E+00  0.000E+00  0.000E+00  0.000E+00  0.000E+00  0.000E+00  0.000E+00  0.000E+00  0.000E+00  0.000E+00  0.000E+00
  184.3500  0.000E+00  0.000E+00  0.000E+00  0.000E+00  0.000E+00  0.000E+00  0.000E+00  0.000E+00  0.000E+00  0.000E+00  0.000E+00  0.000E+00  0.000E+00  0.000E+00  0.000E+00  0.000E+00  0.000E+00  0.000E+00  0.000E+00
  186.0500  0.000E+00  0.000E+00  0.000E+00  0.000E+00  0.000E+00  0.000E+00  0.000E+00  0.000E+00  0.000E+00  0.000E+00  0.000E+00  0.000E+00  0.000E+00  0.000E+00  0.000E+00  0.000E+00  0.000E+00  0.000E+00  0.000E+00
  187.8000  0.000E+00  0.000E+00  0.000E+00  0.000E+00  0.000E+00  0.000E+00  0.000E+00  0.000E+00  0.000E+00  0.000E+00  0.000E+00  0.000E+00  0.000E+00  0.000E+00  0.000E+00  0.000E+00  0.000E+00  0.000E+00  0.000E+00
  189.6000  0.000E+00  0.000E+00  0.000E+00  0.000E+00  0.000E+00  0.000E+00  0.000E+00  0.000E+00  0.000E+00  0.000E+00  0.000E+00  0.000E+00  0.000E+00  0.000E+00  0.000E+00  0.000E+00  0.000E+00  0.000E+00  0.000E+00
  191.4000  0.000E+00  0.000E+00  0.000E+00  0.000E+00  0.000E+00  0.000E+00  0.000E+00  0.000E+00  0.000E+00  0.000E+00  0.000E+00  0.000E+00  0.000E+00  0.000E+00  0.000E+00  0.000E+00  0.000E+00  0.000E+00  0.000E+00
  193.2500  0.000E+00  0.000E+00  0.000E+00  0.000E+00  0.000E+00  0.000E+00  0.000E+00  0.000E+00  0.000E+00  0.000E+00  0.000E+00  0.000E+00  0.000E+00  0.000E+00  0.000E+00  0.000E+00  0.000E+00  0.000E+00  0.000E+00
  195.1500  0.000E+00  0.000E+00  0.000E+00  0.000E+00  0.000E+00  0.000E+00  0.000E+00  0.000E+00  0.000E+00  0.000E+00  0.000E+00  0.000E+00  0.000E+00  0.000E+00  0.000E+00  0.000E+00  0.000E+00  0.000E+00  0.000E+00
  197.0500  0.000E+00  0.000E+00  0.000E+00  0.000E+00  0.000E+00  0.000E+00  0.000E+00  0.000E+00  0.000E+00  0.000E+00  0.000E+00  0.000E+00  0.000E+00  0.000E+00  0.000E+00  0.000E+00  0.000E+00  0.000E+00  0.000E+00
  199.0000  0.000E+00  0.000E+00  0.000E+00  0.000E+00  0.000E+00  0.000E+00  0.000E+00  0.000E+00  0.000E+00  0.000E+00  0.000E+00  0.000E+00  0.000E+00  0.000E+00  0.000E+00  0.000E+00  0.000E+00  0.000E+00  0.000E+00
  201.0000  0.000E+00  0.000E+00  0.000E+00  0.000E+00  0.000E+00  0.000E+00  0.000E+00  0.000E+00  0.000E+00  0.000E+00  0.000E+00  0.000E+00  0.000E+00  0.000E+00  0.000E+00  0.000E+00  0.000E+00  0.000E+00  0.000E+00
  203.0500  0.000E+00  0.000E+00  0.000E+00  0.000E+00  0.000E+00  0.000E+00  0.000E+00  0.000E+00  0.000E+00  0.000E+00  0.000E+00  0.000E+00  0.000E+00  0.000E+00  0.000E+00  0.000E+00  0.000E+00  0.000E+00  0.000E+00
  204.9500  0.000E+00  0.000E+00  0.000E+00  0.000E+00  0.000E+00  0.000E+00  0.000E+00  0.000E+00  0.000E+00  0.000E+00  0.000E+00  0.000E+00  0.000E+00  0.000E+00  0.000E+00  0.000E+00  0.000E+00  0.000E+00  0.000E+00
  207.0665  0.000E+00  0.000E+00  0.000E+00  0.000E+00  0.000E+00  0.000E+00  0.000E+00  0.000E+00  0.000E+00  0.000E+00  0.000E+00  0.000E+00  0.000E+00  0.000E+00  0.000E+00  0.000E+00  0.000E+00  0.000E+00  0.000E+00
  209.4295  0.000E+00  0.000E+00  0.000E+00  0.000E+00  0.000E+00  0.000E+00  0.000E+00  0.000E+00  0.000E+00  0.000E+00  0.000E+00  0.000E+00  0.000E+00  0.000E+00  0.000E+00  0.000E+00  0.000E+00  0.000E+00  0.000E+00
  211.6460  0.000E+00  0.000E+00  0.000E+00  0.000E+00  0.000E+00  0.000E+00  0.000E+00  0.000E+00  0.000E+00  0.000E+00  0.000E+00  0.000E+00  0.000E+00  0.000E+00  0.000E+00  0.000E+00  0.000E+00  0.000E+00  0.000E+00
  213.9100  0.000E+00  0.000E+00  0.000E+00  0.000E+00  0.000E+00  0.000E+00  0.000E+00  0.000E+00  0.000E+00  0.000E+00  0.000E+00  0.000E+00  0.000E+00  0.000E+00  0.000E+00  0.000E+00  0.000E+00  0.000E+00  0.000E+00
  216.2225  0.000E+00  0.000E+00  0.000E+00  0.000E+00  0.000E+00  0.000E+00  0.000E+00  0.000E+00  0.000E+00  0.000E+00  0.000E+00  0.000E+00  0.000E+00  0.000E+00  0.000E+00  0.000E+00  0.000E+00  0.000E+00  0.000E+00
  218.5855  0.000E+00  0.000E+00  0.000E+00  0.000E+00  0.000E+00  0.000E+00  0.000E+00  0.000E+00  0.000E+00  0.000E+00  0.000E+00  0.000E+00  0.000E+00  0.000E+00  0.000E+00  0.000E+00  0.000E+00  0.000E+00  0.000E+00
  221.0010  0.000E+00  0.000E+00  0.000E+00  0.000E+00  0.000E+00  0.000E+00  0.000E+00  0.000E+00  0.000E+00  0.000E+00  0.000E+00  0.000E+00  0.000E+00  0.000E+00  0.000E+00  0.000E+00  0.000E+00  0.000E+00  0.000E+00
  223.4705  0.000E+00  0.000E+00  0.000E+00  0.000E+00  0.000E+00  0.000E+00  0.000E+00  0.000E+00  0.000E+00  0.000E+00  0.000E+00  0.000E+00  0.000E+00  0.000E+00  0.000E+00  0.000E+00  0.000E+00  0.000E+00  0.000E+00
  225.9960  0.000E+00  0.000E+00  0.000E+00  0.000E+00  0.000E+00  0.000E+00  0.000E+00  0.000E+00  0.000E+00  0.000E+00  0.000E+00  0.000E+00  0.000E+00  0.000E+00  0.000E+00  0.000E+00  0.000E+00  0.000E+00  0.000E+00
  228.5790  0.000E+00  0.000E+00  0.000E+00  0.000E+00  0.000E+00  0.000E+00  0.000E+00  0.000E+00  0.000E+00  0.000E+00  0.000E+00  0.000E+00  0.000E+00  0.000E+00  0.000E+00  0.000E+00  0.000E+00  0.000E+00  0.000E+00
  231.2215  0.000E+00  0.000E+00  0.000E+00  0.000E+00  0.000E+00  0.000E+00  0.000E+00  0.000E+00  0.000E+00  0.000E+00  0.000E+00  0.000E+00  0.000E+00  0.000E+00  0.000E+00  0.000E+00  0.000E+00  0.000E+00  0.000E+00
  233.9260  0.000E+00  0.000E+00  0.000E+00  0.000E+00  0.000E+00  0.000E+00  0.000E+00  0.000E+00  0.000E+00  0.000E+00  0.000E+00  0.000E+00  0.000E+00  0.000E+00  0.000E+00  0.000E+00  0.000E+00  0.000E+00  0.000E+00
  236.6945  0.000E+00  0.000E+00  0.000E+00  0.000E+00  0.000E+00  0.000E+00  0.000E+00  0.000E+00  0.000E+00  0.000E+00  0.000E+00  0.000E+00  0.000E+00  0.000E+00  0.000E+00  0.000E+00  0.000E+00  0.000E+00  0.000E+00
  239.5295  0.000E+00  0.000E+00  0.000E+00  0.000E+00  0.000E+00  0.000E+00  0.000E+00  0.000E+00  0.000E+00  0.000E+00  0.000E+00  0.000E+00  0.000E+00  0.000E+00  0.000E+00  0.000E+00  0.000E+00  0.000E+00  0.000E+00
  242.4330  0.000E+00  0.000E+00  0.000E+00  0.000E+00  0.000E+00  0.000E+00  0.000E+00  0.000E+00  0.000E+00  0.000E+00  0.000E+00  0.000E+00  0.000E+00  0.000E+00  0.000E+00  0.000E+00  0.000E+00  0.000E+00  0.000E+00
  245.4080  0.000E+00  0.000E+00  0.000E+00  0.000E+00  0.000E+00  0.000E+00  0.000E+00  0.000E+00  0.000E+00  0.000E+00  0.000E+00  0.000E+00  0.000E+00  0.000E+00  0.000E+00  0.000E+00  0.000E+00  0.000E+00  0.000E+00
  248.4570  0.000E+00  0.000E+00  0.000E+00  0.000E+00  0.000E+00  0.000E+00  0.000E+00  0.000E+00  0.000E+00  0.000E+00  0.000E+00  0.000E+00  0.000E+00  0.000E+00  0.000E+00  0.000E+00  0.000E+00  0.000E+00  0.000E+00
  251.5825  0.000E+00  0.000E+00  0.000E+00  0.000E+00  0.000E+00  0.000E+00  0.000E+00  0.000E+00  0.000E+00  0.000E+00  0.000E+00  0.000E+00  0.000E+00  0.000E+00  0.000E+00  0.000E+00  0.000E+00  0.000E+00  0.000E+00
  254.7875  0.000E+00  0.000E+00  0.000E+00  0.000E+00  0.000E+00  0.000E+00  0.000E+00  0.000E+00  0.000E+00  0.000E+00  0.000E+00  0.000E+00  0.000E+00  0.000E+00  0.000E+00  0.000E+00  0.000E+00  0.000E+00  0.000E+00
  258.0750  0.000E+00  0.000E+00  0.000E+00  0.000E+00  0.000E+00  0.000E+00  0.000E+00  0.000E+00  0.000E+00  0.000E+00  0.000E+00  0.000E+00  0.000E+00  0.000E+00  0.000E+00  0.000E+00  0.000E+00  0.000E+00  0.000E+00
  261.4490  0.000E+00  0.000E+00  0.000E+00  0.000E+00  0.000E+00  0.000E+00  0.000E+00  0.000E+00  0.000E+00  0.000E+00  0.000E+00  0.000E+00  0.000E+00  0.000E+00  0.000E+00  0.000E+00  0.000E+00  0.000E+00  0.000E+00
  264.9125  0.000E+00  0.000E+00  0.000E+00  0.000E+00  0.000E+00  0.000E+00  0.000E+00  0.000E+00  0.000E+00  0.000E+00  0.000E+00  0.000E+00  0.000E+00  0.000E+00  0.000E+00  0.000E+00  0.000E+00  0.000E+00  0.000E+00
  268.4685  0.000E+00  0.000E+00  0.000E+00  0.000E+00  0.000E+00  0.000E+00  0.000E+00  0.000E+00  0.000E+00  0.000E+00  0.000E+00  0.000E+00  0.000E+00  0.000E+00  0.000E+00  0.000E+00  0.000E+00  0.000E+00  0.000E+00
  272.1215  0.000E+00  0.000E+00  0.000E+00  0.000E+00  0.000E+00  0.000E+00  0.000E+00  0.000E+00  0.000E+00  0.000E+00  0.000E+00  0.000E+00  0.000E+00  0.000E+00  0.000E+00  0.000E+00  0.000E+00  0.000E+00  0.000E+00
  275.8755  0.000E+00  0.000E+00  0.000E+00  0.000E+00  0.000E+00  0.000E+00  0.000E+00  0.000E+00  0.000E+00  0.000E+00  0.000E+00  0.000E+00  0.000E+00  0.000E+00  0.000E+00  0.000E+00  0.000E+00  0.000E+00  0.000E+00
  279.7340  0.000E+00  0.000E+00  0.000E+00  0.000E+00  0.000E+00  0.000E+00  0.000E+00  0.000E+00  0.000E+00  0.000E+00  0.000E+00  0.000E+00  0.000E+00  0.000E+00  0.000E+00  0.000E+00  0.000E+00  0.000E+00  0.000E+00
  283.7020  1.789E+10  1.731E+10  1.566E+10  1.320E+10  1.031E+10  7.384E+09  4.788E+09  2.749E+09  1.374E+09  5.822E+08  2.020E+08  5.932E+07  1.839E+07  8.427E+06  5.180E+06  3.424E+06  2.248E+06  1.354E+06  5.457E+05
  287.7845  3.933E+11  3.844E+11  3.585E+11  3.184E+11  2.681E+11  2.126E+11  1.574E+11  1.076E+11  6.599E+10  3.617E+10  1.698E+10  6.675E+09  2.233E+09  7.559E+08  3.482E+08  2.066E+08  1.279E+08  7.321E+07  2.844E+07
  291.9865  4.873E+12  4.798E+12  4.577E+12  4.223E+12  3.759E+12  3.213E+12  2.621E+12  2.021E+12  1.455E+12  9.678E+11  5.770E+11  3.003E+11  1.319E+11  4.846E+10  1.664E+10  7.090E+09  3.818E+09  2.005E+09  7.258E+08
  296.3090  1.738E+13  1.720E+13  1.665E+13  1.576E+13  1.456E+13  1.308E+13  1.139E+13  9.558E+12  7.629E+12  5.785E+12  4.068E+12  2.601E+12  1.465E+12  6.986E+11  2.723E+11  9.117E+10  3.390E+10  1.490E+10  4.761E+09
  300.5000  3.373E+13  3.347E+13  3.270E+13  3.142E+13  2.967E+13  2.746E+13  2.483E+13  2.183E+13  1.859E+13  1.523E+13  1.182E+13  8.572E+12  5.670E+12  3.308E+12  1.623E+12  6.337E+11  1.974E+11  6.096E+10  1.591E+10
  303.0000  6.296E+13  6.256E+13  6.134E+13  5.931E+13  5.650E+13  5.292E+13  4.862E+13  4.357E+13  3.809E+13  3.221E+13  2.604E+13  1.989E+13  1.407E+13  8.962E+12  4.929E+12  2.203E+12  7.449E+11  1.967E+11  4.263E+10
  304.0000  6.307E+13  6.269E+13  6.152E+13  5.958E+13  5.687E+13  5.343E+13  4.928E+13  4.438E+13  3.904E+13  3.328E+13  2.717E+13  2.101E+13  1.511E+13  9.836E+12  5.565E+12  2.580E+12  9.037E+11  2.344E+11  4.788E+10
  305.0000  7.708E+13  7.663E+13  7.528E+13  7.305E+13  6.993E+13  6.594E+13  6.111E+13  5.537E+13  4.909E+13  4.225E+13  3.492E+13  2.745E+13  2.015E+13  1.348E+13  7.916E+12  3.851E+12  1.427E+12  3.691E+11  6.911E+10
  306.0000  6.754E+13  6.716E+13  6.603E+13  6.415E+13  6.153E+13  5.816E+13  5.407E+13  4.917E+13  4.384E+13  3.797E+13  3.165E+13  2.513E+13  1.871E+13  1.274E+13  7.660E+12  3.851E+12  1.482E+12  3.878E+11  6.853E+10
  307.0000  8.065E+13  8.022E+13  7.893E+13  7.679E+13  7.379E+13  6.993E+13  6.524E+13  5.961E+13  5.340E+13  4.657E+13  3.915E+13  3.143E+13  2.373E+13  1.648E+13  1.016E+13  5.294E+12  2.131E+12  5.719E+11  9.482E+10
  308.0000  8.827E+13  8.782E+13  8.647E+13  8.422E+13  8.107E+13  7.702E+13  7.207E+13  6.613E+13  5.953E+13  5.224E+13  4.426E+13  3.590E+13  2.747E+13  1.940E+13  1.226E+13  6.595E+12  2.777E+12  7.730E+11  1.216E+11
  309.0000  8.828E+13  8.784E+13  8.653E+13  8.435E+13  8.127E+13  7.732E+13  7.249E+13  6.668E+13  6.019E+13  5.301E+13  4.513E+13  3.682E+13  2.838E+13  2.025E+13  1.296E+13  7.105E+12  3.067E+12  8.745E+11  1.340E+11
  310.0000  8.085E+13  8.047E+13  7.933E+13  7.742E+13  7.474E+13  7.127E+13  6.703E+13  6.192E+13  5.617E+13  4.978E+13  4.272E+13  3.522E+13  2.752E+13  1.999E+13  1.312E+13  7.442E+12  3.381E+12  1.022E+12  1.512E+11
  311.0000  1.323E+14  1.317E+14  1.299E+14  1.268E+14  1.225E+14  1.170E+14  1.102E+14  1.020E+14  9.272E+13  8.242E+13  7.098E+13  5.879E+13  4.621E+13  3.383E+13  2.242E+13  1.290E+13  5.978E+12  1.855E+12  2.720E+11
  312.0000  1.134E+14  1.129E+14  1.114E+14  1.088E+14  1.053E+14  1.007E+14  9.500E+13  8.814E+13  8.039E+13  7.173E+13  6.209E+13  5.174E+13  4.100E+13  3.034E+13  2.040E+13  1.198E+13  5.721E+12  1.852E+12  2.707E+11
  313.0000  1.218E+14  1.213E+14  1.197E+14  1.171E+14  1.134E+14  1.086E+14  1.027E+14  9.549E+13  8.735E+13  7.823E+13  6.804E+13  5.705E+13  4.556E+13  3.407E+13  2.323E+13  1.391E+13  6.850E+12  2.320E+12  3.430E+11
  314.0000  1.313E+14  1.307E+14  1.290E+14  1.262E+14  1.223E+14  1.172E+14  1.109E+14  1.033E+14  9.461E+13  8.488E+13  7.398E+13  6.220E+13  4.985E+13  3.743E+13  2.567E+13  1.549E+13  7.706E+12  2.654E+12  3.945E+11
  316.0000  1.272E+14  1.267E+14  1.251E+14  1.226E+14  1.189E+14  1.142E+14  1.084E+14  1.013E+14  9.322E+13  8.411E+13  7.383E+13  6.263E+13  5.078E+13  3.871E+13  2.709E+13  1.682E+13  8.743E+12  3.237E+12  5.072E+11
  320.0000  1.544E+14  1.538E+14  1.521E+14  1.491E+14  1.450E+14  1.397E+14  1.330E+14  1.249E+14  1.155E+14  1.049E+14  9.289E+13  7.965E+13  6.545E+13  5.075E+13  3.632E+13  2.322E+13  1.262E+13  5.068E+12  8.754E+11
  325.0000  1.900E+14  1.893E+14  1.873E+14  1.840E+14  1.792E+14  1.730E+14  1.653E+14  1.558E+14  1.449E+14  1.324E+14  1.181E+14  1.022E+14  8.493E+13  6.681E+13  4.867E+13  3.183E+13  1.789E+13  7.662E+12  1.478E+12
  330.0000  2.335E+14  2.327E+14  2.304E+14  2.265E+14  2.209E+14  2.136E+14  2.045E+14  1.933E+14  1.803E+14  1.654E+14  1.482E+14  1.290E+14  1.080E+14  8.566E+13  6.299E+13  4.162E+13  2.367E+13  1.041E+13  2.126E+12
  335.0000  2.218E+14  2.211E+14  2.190E+14  2.154E+14  2.103E+14  2.036E+14  1.953E+14  1.850E+14  1.730E+14  1.592E+14  1.433E+14  1.253E+14  1.055E+14  8.422E+13  6.237E+13  4.148E+13  2.373E+13  1.058E+13  2.242E+12
  340.0000  2.422E+14  2.415E+14  2.392E+14  2.354E+14  2.301E+14  2.230E+14  2.142E+14  2.033E+14  1.905E+14  1.758E+14  1.586E+14  1.393E+14  1.178E+14  9.451E+13  7.035E+13  4.696E+13  2.686E+13  1.201E+13  2.579E+12
  345.0000  2.404E+14  2.397E+14  2.376E+14  2.339E+14  2.288E+14  2.220E+14  2.135E+14  2.029E+14  1.905E+14  1.762E+14  1.595E+14  1.405E+14  1.193E+14  9.615E+13  7.190E+13  4.813E+13  2.749E+13  1.226E+13  2.646E+12
  350.0000  2.536E+14  2.529E+14  2.507E+14  2.470E+14  2.417E+14  2.348E+14  2.260E+14  2.151E+14  2.024E+14  1.876E+14  1.702E+14  1.504E+14  1.281E+14  1.037E+14  7.784E+13  5.222E+13  2.974E+13  1.319E+13  2.832E+12
  355.0000  2.704E+14  2.696E+14  2.673E+14  2.635E+14  2.580E+14  2.508E+14  2.417E+14  2.304E+14  2.171E+14  2.016E+14  1.834E+14  1.626E+14  1.390E+14  1.130E+14  8.519E+13  5.733E+13  3.259E+13  1.437E+13  3.082E+12
  360.0000  2.492E+14  2.486E+14  2.465E+14  2.431E+14  2.382E+14  2.318E+14  2.236E+14  2.134E+14  2.014E+14  1.874E+14  1.709E+14  1.519E+14  1.303E+14  1.064E+14  8.055E+13  5.439E+13  3.087E+13  1.353E+13  2.893E+12
  365.0000  3.195E+14  3.187E+14  3.162E+14  3.119E+14  3.058E+14  2.977E+14  2.875E+14  2.748E+14  2.598E+14  2.421E+14  2.213E+14  1.972E+14  1.698E+14  1.392E+14  1.059E+14  7.172E+13  4.067E+13  1.771E+13  3.773E+12
  370.0000  3.350E+14  3.341E+14  3.315E+14  3.272E+14  3.210E+14  3.127E+14  3.023E+14  2.893E+14  2.738E+14  2.557E+14  2.342E+14  2.093E+14  1.808E+14  1.487E+14  1.136E+14  7.730E+13  4.381E+13  1.895E+13  4.022E+12
  375.0000  3.051E+14  3.043E+14  3.020E+14  2.982E+14  2.927E+14  2.854E+14  2.761E+14  2.645E+14  2.507E+14  2.345E+14  2.152E+14  1.928E+14  1.671E+14  1.380E+14  1.059E+14  7.236E+13  4.101E+13  1.762E+13  3.725E+12
  380.0000  3.536E+14  3.527E+14  3.501E+14  3.458E+14  3.396E+14  3.313E+14  3.208E+14  3.077E+14  2.920E+14  2.736E+14  2.516E+14  2.260E+14  1.965E+14  1.629E+14  1.256E+14  8.614E+13  4.886E+13  2.084E+13  4.389E+12
  385.0000  2.687E+14  2.681E+14  2.662E+14  2.629E+14  2.583E+14  2.522E+14  2.444E+14  2.346E+14  2.230E+14  2.092E+14  1.928E+14  1.736E+14  1.514E+14  1.259E+14  9.753E+13  6.721E+13  3.816E+13  1.617E+13  3.392E+12
  390.0000  3.536E+14  3.528E+14  3.504E+14  3.463E+14  3.404E+14  3.325E+14  3.225E+14  3.099E+14  2.948E+14  2.770E+14  2.558E+14  2.308E+14  2.018E+14  1.686E+14  1.311E+14  9.077E+13  5.163E+13  2.173E+13  4.542E+12
  395.0000  2.765E+14  2.759E+14  2.740E+14  2.709E+14  2.664E+14  2.604E+14  2.527E+14  2.431E+14  2.315E+14  2.179E+14  2.015E+14  1.822E+14  1.598E+14  1.339E+14  1.046E+14  7.278E+13  4.149E+13  1.735E+13  3.612E+12
  400.0000  5.174E+14  5.162E+14  5.129E+14  5.071E+14  4.989E+14  4.879E+14  4.738E+14  4.561E+14  4.350E+14  4.099E+14  3.797E+14  3.441E+14  3.026E+14  2.545E+14  1.996E+14  1.395E+14  7.976E+13  3.314E+13  6.874E+12
  405.0000  5.316E+14  5.304E+14  5.271E+14  5.213E+14  5.130E+14  5.020E+14  4.878E+14  4.700E+14  4.487E+14  4.233E+14  3.928E+14  3.567E+14  3.145E+14  2.653E+14  2.091E+14  1.468E+14  8.418E+13  3.476E+13  7.183E+12
  410.0000  5.524E+14  5.512E+14  5.478E+14  5.420E+14  5.335E+14  5.223E+14  5.079E+14  4.898E+14  4.680E+14  4.421E+14  4.108E+14  3.738E+14  3.304E+14  2.796E+14  2.212E+14  1.562E+14  8.982E+13  3.688E+13  7.591E+12
  415.0000  5.799E+14  5.788E+14  5.752E+14  5.692E+14  5.606E+14  5.490E+14  5.342E+14  5.156E+14  4.931E+14  4.663E+14  4.340E+14  3.956E+14  3.505E+14  2.976E+14  2.364E+14  1.677E+14  9.681E+13  3.953E+13  8.105E+12
  420.0000  5.898E+14  5.886E+14  5.851E+14  5.791E+14  5.705E+14  5.590E+14  5.443E+14  5.256E+14  5.032E+14  4.764E+14  4.439E+14  4.055E+14  3.600E+14  3.066E+14  2.445E+14  1.743E+14  1.010E+14  4.104E+13  8.381E+12
  425.0000  5.673E+14  5.662E+14  5.629E+14  5.573E+14  5.492E+14  5.383E+14  5.244E+14  5.068E+14  4.856E+14  4.601E+14  4.294E+14  3.929E+14  3.496E+14  2.986E+14  2.390E+14  1.712E+14  9.963E+13  4.028E+13  8.190E+12
  430.0000  5.272E+14  5.263E+14  5.232E+14  5.181E+14  5.107E+14  5.008E+14  4.881E+14  4.720E+14  4.527E+14  4.294E+14  4.012E+14  3.677E+14  3.279E+14  2.809E+14  2.257E+14  1.624E+14  9.493E+13  3.822E+13  7.740E+12
  435.0000  6.166E+14  6.155E+14  6.120E+14  6.062E+14  5.977E+14  5.863E+14  5.717E+14  5.532E+14  5.309E+14  5.041E+14  4.717E+14  4.329E+14  3.868E+14  3.322E+14  2.679E+14  1.937E+14  1.137E+14  4.562E+13  9.196E+12
  440.0000  6.391E+14  6.379E+14  6.344E+14  6.284E+14  6.198E+14  6.082E+14  5.934E+14  5.745E+14  5.518E+14  5.244E+14  4.912E+14  4.515E+14  4.042E+14  3.481E+14  2.817E+14  2.046E+14  1.207E+14  4.822E+13  9.670E+12
  445.0000  6.915E+14  6.903E+14  6.865E+14  6.802E+14  6.710E+14  6.587E+14  6.429E+14  6.229E+14  5.986E+14  5.694E+14  5.339E+14  4.915E+14  4.409E+14  3.806E+14  3.091E+14  2.254E+14  1.336E+14  5.322E+13  1.062E+13
  450.0000  7.408E+14  7.395E+14  7.356E+14  7.290E+14  7.193E+14  7.064E+14  6.897E+14  6.685E+14  6.429E+14  6.121E+14  5.746E+14  5.297E+14  4.760E+14  4.119E+14  3.356E+14  2.459E+14  1.465E+14  5.818E+13  1.155E+13
  455.0000  7.303E+14  7.291E+14  7.253E+14  7.188E+14  7.095E+14  6.969E+14  6.808E+14  6.602E+14  6.353E+14  6.054E+14  5.689E+14  5.251E+14  4.727E+14  4.100E+14  3.351E+14  2.466E+14  1.476E+14  5.850E+13  1.156E+13
  460.0000  7.572E+14  7.559E+14  7.521E+14  7.455E+14  7.359E+14  7.231E+14  7.066E+14  6.856E+14  6.602E+14  6.295E+14  5.921E+14  5.472E+14  4.933E+14  4.288E+14  3.515E+14  2.597E+14  1.562E+14  6.172E+13  1.209E+13
  465.0000  7.541E+14  7.529E+14  7.491E+14  7.426E+14  7.333E+14  7.207E+14  7.045E+14  6.839E+14  6.589E+14  6.287E+14  5.919E+14  5.477E+14  4.946E+14  4.309E+14  3.543E+14  2.629E+14  1.589E+14  6.271E+13  1.223E+13
  470.0000  7.555E+14  7.542E+14  7.505E+14  7.442E+14  7.349E+14  7.225E+14  7.065E+14  6.862E+14  6.615E+14  6.316E+14  5.952E+14  5.514E+14  4.987E+14  4.354E+14  3.590E+14  2.675E+14  1.624E+14  6.405E+13  1.241E+13
  475.0000  7.699E+14  7.687E+14  7.649E+14  7.586E+14  7.493E+14  7.368E+14  7.208E+14  7.003E+14  6.754E+14  6.454E+14  6.087E+14  5.645E+14  5.113E+14  4.473E+14  3.698E+14  2.766E+14  1.688E+14  6.650E+13  1.280E+13
  480.0000  7.979E+14  7.966E+14  7.928E+14  7.863E+14  7.768E+14  7.641E+14  7.476E+14  7.266E+14  7.012E+14  6.703E+14  6.327E+14  5.873E+14  5.327E+14  4.668E+14  3.869E+14  2.903E+14  1.779E+14  6.993E+13  1.330E+13
  485.0000  7.300E+14  7.289E+14  7.255E+14  7.196E+14  7.110E+14  6.995E+14  6.847E+14  6.657E+14  6.427E+14  6.148E+14  5.807E+14  5.396E+14  4.901E+14  4.302E+14  3.575E+14  2.693E+14  1.658E+14  6.516E+13  1.231E+13
  490.0000  7.657E+14  7.646E+14  7.610E+14  7.549E+14  7.461E+14  7.342E+14  7.188E+14  6.991E+14  6.753E+14  6.464E+14  6.110E+14  5.684E+14  5.169E+14  4.546E+14  3.788E+14  2.864E+14  1.772E+14  6.970E+13  1.309E+13
  495.0000  7.857E+14  7.845E+14  7.809E+14  7.747E+14  7.657E+14  7.537E+14  7.381E+14  7.182E+14  6.940E+14  6.646E+14  6.288E+14  5.854E+14  5.331E+14  4.696E+14  3.922E+14  2.976E+14  1.850E+14  7.279E+13  1.356E+13
  500.0000  7.549E+14  7.537E+14  7.503E+14  7.445E+14  7.359E+14  7.245E+14  7.097E+14  6.907E+14  6.677E+14  6.398E+14  6.056E+14  5.643E+14  5.144E+14  4.538E+14  3.798E+14  2.890E+14  1.804E+14  7.088E+13  1.303E+13
  505.0000  7.727E+14  7.715E+14  7.680E+14  7.621E+14  7.535E+14  7.419E+14  7.268E+14  7.076E+14  6.843E+14  6.559E+14  6.212E+14  5.793E+14  5.285E+14  4.669E+14  3.915E+14  2.987E+14  1.870E+14  7.337E+13  1.327E+13
  510.0000  7.716E+14  7.704E+14  7.670E+14  7.612E+14  7.526E+14  7.412E+14  7.263E+14  7.074E+14  6.843E+14  6.563E+14  6.220E+14  5.805E+14  5.303E+14  4.692E+14  3.943E+14  3.019E+14  1.900E+14  7.469E+13  1.343E+13
  515.0000  7.204E+14  7.193E+14  7.162E+14  7.108E+14  7.029E+14  6.923E+14  6.786E+14  6.611E+14  6.398E+14  6.139E+14  5.821E+14  5.438E+14  4.973E+14  4.407E+14  3.711E+14  2.850E+14  1.802E+14  7.094E+13  1.265E+13
  520.0000  7.459E+14  7.448E+14  7.416E+14  7.360E+14  7.280E+14  7.171E+14  7.031E+14  6.851E+14  6.632E+14  6.366E+14  6.041E+14  5.647E+14  5.169E+14  4.587E+14  3.870E+14  2.981E+14  1.892E+14  7.457E+13  1.315E+13
  525.0000  7.538E+14  7.527E+14  7.495E+14  7.439E+14  7.358E+14  7.250E+14  7.109E+14  6.929E+14  6.709E+14  6.443E+14  6.116E+14  5.720E+14  5.241E+14  4.656E+14  3.935E+14  3.038E+14  1.934E+14  7.622E+13  1.324E+13
  530.0000  7.998E+14  7.986E+14  7.952E+14  7.894E+14  7.809E+14  7.694E+14  7.546E+14  7.356E+14  7.125E+14  6.844E+14  6.499E+14  6.082E+14  5.576E+14  4.958E+14  4.196E+14  3.246E+14  2.073E+14  8.158E+13  1.390E+13
  535.0000  7.806E+14  7.795E+14  7.762E+14  7.705E+14  7.623E+14  7.512E+14  7.368E+14  7.185E+14  6.961E+14  6.689E+14  6.355E+14  5.951E+14  5.460E+14  4.861E+14  4.121E+14  3.196E+14  2.048E+14  8.072E+13  1.359E+13
  540.0000  7.866E+14  7.856E+14  7.823E+14  7.767E+14  7.685E+14  7.574E+14  7.430E+14  7.247E+14  7.023E+14  6.751E+14  6.418E+14  6.014E+14  5.523E+14  4.923E+14  4.181E+14  3.252E+14  2.092E+14  8.269E+13  1.380E+13
  545.0000  8.038E+14  8.028E+14  7.994E+14  7.937E+14  7.854E+14  7.741E+14  7.596E+14  7.410E+14  7.183E+14  6.907E+14  6.569E+14  6.158E+14  5.660E+14  5.051E+14  4.296E+14  3.349E+14  2.162E+14  8.557E+13  1.409E+13
  550.0000  8.119E+14  8.108E+14  8.075E+14  8.017E+14  7.934E+14  7.821E+14  7.675E+14  7.489E+14  7.262E+14  6.985E+14  6.646E+14  6.234E+14  5.734E+14  5.122E+14  4.364E+14  3.409E+14  2.209E+14  8.762E+13  1.425E+13
  555.0000  8.110E+14  8.099E+14  8.066E+14  8.009E+14  7.927E+14  7.816E+14  7.671E+14  7.487E+14  7.262E+14  6.988E+14  6.652E+14  6.244E+14  5.749E+14  5.142E+14  4.389E+14  3.439E+14  2.239E+14  8.904E+13  1.428E+13
  560.0000  7.961E+14  7.950E+14  7.918E+14  7.863E+14  7.782E+14  7.674E+14  7.533E+14  7.353E+14  7.133E+14  6.866E+14  6.538E+14  6.140E+14  5.656E+14  5.063E+14  4.327E+14  3.396E+14  2.216E+14  8.820E+13  1.390E+13
  565.0000  8.029E+14  8.019E+14  7.986E+14  7.930E+14  7.850E+14  7.741E+14  7.600E+14  7.419E+14  7.198E+14  6.930E+14  6.601E+14  6.202E+14  5.716E+14  5.121E+14  4.381E+14  3.444E+14  2.253E+14  8.969E+13  1.388E+13
  570.0000  8.039E+14  8.028E+14  7.996E+14  7.940E+14  7.860E+14  7.752E+14  7.611E+14  7.431E+14  7.212E+14  6.945E+14  6.617E+14  6.219E+14  5.736E+14  5.143E+14  4.405E+14  3.469E+14  2.276E+14  9.077E+13  1.384E+13
  575.0000  8.231E+14  8.220E+14  8.187E+14  8.131E+14  8.049E+14  7.939E+14  7.796E+14  7.613E+14  7.390E+14  7.118E+14  6.785E+14  6.380E+14  5.888E+14  5.284E+14  4.532E+14  3.577E+14  2.355E+14  9.419E+13  1.420E+13
  580.0000  8.150E+14  8.139E+14  8.107E+14  8.052E+14  7.972E+14  7.863E+14  7.723E+14  7.543E+14  7.324E+14  7.057E+14  6.730E+14  6.333E+14  5.849E+14  5.255E+14  4.516E+14  3.574E+14  2.363E+14  9.507E+13  1.428E+13
  585.0000  8.207E+14  8.197E+14  8.165E+14  8.110E+14  8.030E+14  7.922E+14  7.781E+14  7.602E+14  7.383E+14  7.117E+14  6.790E+14  6.393E+14  5.910E+14  5.316E+14  4.576E+14  3.631E+14  2.412E+14  9.762E+13  1.461E+13
  590.0000  7.972E+14  7.962E+14  7.930E+14  7.878E+14  7.800E+14  7.696E+14  7.561E+14  7.388E+14  7.177E+14  6.920E+14  6.605E+14  6.222E+14  5.755E+14  5.182E+14  4.467E+14  3.553E+14  2.369E+14  9.630E+13  1.431E+13
  595.0000  8.186E+14  8.176E+14  8.144E+14  8.090E+14  8.011E+14  7.904E+14  7.766E+14  7.590E+14  7.374E+14  7.111E+14  6.789E+14  6.398E+14  5.921E+14  5.335E+14  4.603E+14  3.667E+14  2.451E+14  9.985E+13  1.461E+13
  600.0000  8.043E+14  8.033E+14  8.002E+14  7.949E+14  7.872E+14  7.767E+14  7.632E+14  7.459E+14  7.248E+14  6.991E+14  6.676E+14  6.293E+14  5.826E+14  5.253E+14  4.536E+14  3.619E+14  2.424E+14  9.886E+13  1.422E+13
  605.0000  8.190E+14  8.179E+14  8.148E+14  8.094E+14  8.016E+14  7.910E+14  7.774E+14  7.599E+14  7.385E+14  7.125E+14  6.806E+14  6.418E+14  5.946E+14  5.366E+14  4.640E+14  3.709E+14  2.492E+14  1.021E+14  1.456E+13
  610.0000  8.135E+14  8.125E+14  8.094E+14  8.041E+14  7.964E+14  7.860E+14  7.726E+14  7.553E+14  7.343E+14  7.087E+14  6.773E+14  6.391E+14  5.926E+14  5.354E+14  4.638E+14  3.718E+14  2.511E+14  1.037E+14  1.479E+13
  615.0000  7.989E+14  7.979E+14  7.949E+14  7.898E+14  7.823E+14  7.722E+14  7.591E+14  7.423E+14  7.219E+14  6.970E+14  6.664E+14  6.292E+14  5.840E+14  5.283E+14  4.584E+14  3.685E+14  2.501E+14  1.041E+14  1.489E+13
  620.0000  8.154E+14  8.144E+14  8.114E+14  8.061E+14  7.986E+14  7.883E+14  7.751E+14  7.581E+14  7.374E+14  7.122E+14  6.812E+14  6.437E+14  5.978E+14  5.414E+14  4.706E+14  3.794E+14  2.587E+14  1.085E+14  1.551E+13
  625.0000  8.028E+14  8.018E+14  7.989E+14  7.938E+14  7.864E+14  7.764E+14  7.634E+14  7.469E+14  7.266E+14  7.020E+14  6.717E+14  6.350E+14  5.902E+14  5.351E+14  4.659E+14  3.764E+14  2.578E+14  1.088E+14  1.552E+13
  630.0000  8.088E+14  8.078E+14  8.048E+14  7.997E+14  7.923E+14  7.823E+14  7.694E+14  7.528E+14  7.326E+14  7.080E+14  6.777E+14  6.410E+14  5.963E+14  5.411E+14  4.718E+14  3.822E+14  2.628E+14  1.117E+14  1.592E+13
  635.0000  8.079E+14  8.069E+14  8.040E+14  7.989E+14  7.916E+14  7.817E+14  7.689E+14  7.525E+14  7.325E+14  7.080E+14  6.781E+14  6.417E+14  5.973E+14  5.426E+14  4.739E+14  3.848E+14  2.658E+14  1.138E+14  1.620E+13
  640.0000  8.033E+14  8.023E+14  7.994E+14  7.945E+14  7.872E+14  7.775E+14  7.648E+14  7.487E+14  7.289E+14  7.048E+14  6.752E+14  6.393E+14  5.956E+14  5.416E+14  4.737E+14  3.856E+14  2.675E+14  1.154E+14  1.641E+13
  644.8000  8.033E+14  8.023E+14  7.995E+14  7.945E+14  7.873E+14  7.776E+14  7.651E+14  7.490E+14  7.294E+14  7.055E+14  6.761E+14  6.405E+14  5.970E+14  5.435E+14  4.760E+14  3.883E+14  2.704E+14  1.174E+14  1.667E+13
  651.0500  7.991E+14  7.982E+14  7.954E+14  7.905E+14  7.834E+14  7.739E+14  7.615E+14  7.456E+14  7.263E+14  7.027E+14  6.738E+14  6.386E+14  5.958E+14  5.429E+14  4.763E+14  3.896E+14  2.726E+14  1.193E+14  1.688E+13
  660.0000  7.665E+14  7.656E+14  7.629E+14  7.582E+14  7.515E+14  7.425E+14  7.307E+14  7.157E+14  6.974E+14  6.750E+14  6.476E+14  6.144E+14  5.738E+14  5.237E+14  4.605E+14  3.781E+14  2.663E+14  1.179E+14  1.659E+13
  670.0000  7.961E+14  7.952E+14  7.924E+14  7.877E+14  7.808E+14  7.715E+14  7.595E+14  7.441E+14  7.253E+14  7.024E+14  6.743E+14  6.402E+14  5.986E+14  5.473E+14  4.825E+14  3.978E+14  2.822E+14  1.265E+14  1.769E+13
  680.0000  7.910E+14  7.901E+14  7.874E+14  7.828E+14  7.760E+14  7.669E+14  7.550E+14  7.399E+14  7.215E+14  6.990E+14  6.715E+14  6.380E+14  5.972E+14  5.469E+14  4.832E+14  3.999E+14  2.855E+14  1.296E+14  1.797E+13
  690.0000  7.889E+14  7.881E+14  7.854E+14  7.808E+14  7.741E+14  7.651E+14  7.534E+14  7.385E+14  7.203E+14  6.982E+14  6.710E+14  6.381E+14  5.979E+14  5.482E+14  4.855E+14  4.032E+14  2.896E+14  1.329E+14  1.825E+13
  700.0000  7.844E+14  7.835E+14  7.809E+14  7.764E+14  7.698E+14  7.609E+14  7.495E+14  7.348E+14  7.169E+14  6.951E+14  6.684E+14  6.361E+14  5.966E+14  5.478E+14  4.861E+14  4.050E+14  2.927E+14  1.359E+14  1.847E+13
  710.0000  7.751E+14  7.742E+14  7.716E+14  7.672E+14  7.608E+14  7.521E+14  7.409E+14  7.265E+14  7.090E+14  6.877E+14  6.616E+14  6.299E+14  5.913E+14  5.436E+14  4.833E+14  4.039E+14  2.935E+14  1.376E+14  1.847E+13
  720.0000  7.584E+14  7.576E+14  7.551E+14  7.508E+14  7.445E+14  7.361E+14  7.252E+14  7.113E+14  6.943E+14  6.736E+14  6.484E+14  6.177E+14  5.803E+14  5.341E+14  4.757E+14  3.986E+14  2.911E+14  1.378E+14  1.825E+13
  730.0000  7.494E+14  7.486E+14  7.462E+14  7.420E+14  7.358E+14  7.276E+14  7.169E+14  7.033E+14  6.866E+14  6.664E+14  6.416E+14  6.116E+14  5.751E+14  5.299E+14  4.728E+14  3.973E+14  2.916E+14  1.394E+14  1.824E+13
------------------------------------------------------------
